# Created by Octave 3.6.4, Mon Nov 03 13:13:11 2014 Horário brasileiro de verão <unknown@Usiminas-HP>
# name: result
# type: matrix
# rows: 1
# columns: 9
 11.09659420532652 28.34122041759812 -0.02262673087034692 0.2861380521665303 -11.48056735424196 1.192353420366381 -0.2240169418378496 -0.6233568148871331 -0.07949029346841578


